6468902138234511570512553652364211429616618165151758693697712777228202530788009683314408659711535417656764596420689160745883991257661758109104647181578094
864421552276289787694696115924840318326170432998143329277711832898996954578160265216126491444033403941623067705817300216227018055412139357879749972992448
107020450349663635404171295304360362146837965311303192451104848554346725820689631366459191922195937429744097529604818167647486938968577019099152652586463
3945025165056221478034304454955088190131111168373529402408739544160442047257172178228494170087096704236844411471831517167548174779913146108854411817937774
5007008363445864688552023900769908862446460718409587514190725566338653847562982836039732428845603014358351909068766815842982618629156124250908325856435448
5617755800586350551153280771599155943354192504777121260659879238797608029967525826638092238455525435944672049137050590222402699100908414176827079405621910
9841540584310564955393114207993717126449379602904062250727165642745973346452260060371083123264824747975424776813365762877639377531782771393163851100757411
2568576196575209243797172777284230290483917262631963183162538756383533665201117819081101869415226337559750060781765240930322405008801991108373849677160183
1700713924674251180135304460162770386427898466660945567592160435105098500712380566608853712525538227484607772381984925139699643676949648130035028089898079
3574168072010944843152408999717089348799260765412132695238739413273310800516600656158183744024383934845454775073732669023725293406624031851679926430655845
6742547579356118406392533680974833170547728212131704297401879852497532226477995448308542152258154178103058285239946257950356265496167180627831022658308572
1937279274163673097023649195990067498849619264026335539011262146922780096618097092835662581083318517899914276088941835343551836058802584616682386029877211
11107109959236244825563828236013238876914214906864057811725181730308761713628625370675054470905873015352479972343492055652871192813841444240431451946649828
1798770558983361533336611630171254907080808859750373282618524178919905298615561313450891377775256597714302470937767401993005967613194966041840935927906909
8332789088242162251768196041101756274899290769297719656657282988371671339588400493075209574879711531936335250068214397768185599767608249694104187494013001
1750916532592824193041062959481032968437564781244098092083009752122611169367410110682810909255021186846009083238950047966526799832611557990650937164385144
6278000312771792272697211137979161142159665305399514973337059999584662031165481753128045960300129829780964979222594488088312630909046811295247591694505212
7205389284612870147994766940086499802744196602063409240439265236587418928890636391146154579740478476486901110890673436118090742411531461095140755650467258
5562296652234833127242066134876795599854001308474281772376007282290267114098666989418237271949080125018090849923621964947648898358431574181192068992016479
1232339134255530190475287267365288272690136547743049212104527800699050648211253764425017921018043813563874270368375119352448417702633399741008686339977270
4617666055378002239064044797715020368138004416990148019819303024572712183522974976566477376776131875452549738497274917924894708114550212160896328158219794
7948719764861439016235301026721141278124101519054983990905383820836078419906199905575906525063223858491475217800348067844416226130509396652194261780544874
10459938700911765589068384544838519955051902037866958073646768748831685218377497879436653909298995037940779035375840228855978580560911968721065379071682456
9264404795985484618802381623675664070656372659768002919271411224463193067037215312496375437606034601824964728743696782223496263996609459051236732833235915
9533032949582333434725574671351764744918804366061343663700429809627168499548579866758422505637331241239660235268073760898535852940841894170805018637102927
8914126946960148633474334802765968970500881521455249948916578091149398707820249117852964797458013458749723741835791973141897888565532801996659083056585148
2136704336083057977940065590519464036818521036978715959069689374945492159571969412540760231591257389996377495004086221516752183927078815846434263402967780
3597628352465316136958856441639327797244160973226869423905257828703070012888791665613992538049809020227244689482475910232159775495607582252182375055228059
9063127739325713346964531440033446223645146292401201995017381234480782857515097692443306924075532954595331889695237376332605792476024981069103985840591019
4845065521351957248472987024778004675299839242715324962159411939131957338778018843520279308765170200876190142952628590048345027012555261666783748435534338
8185678457459849580906376186868733098550878007530454482648006358442473589556449706034940752819281612909052840863634912266322830031692527777365207478341212
10526639533903038554493973795805440088465692529709164842909342026079270313492315387216346394392622499110349704897369189912144888807666952583685251447347167
3797275581151392638763527169080907747950797569275318035463843633196275545010819467827570632809073973784246631724354081517020575504839729539041433743455480
5489604774311473391452741786126811061607733006300546908614965723338047366654831471457333273532709065404537898331671745296810391692587454659305138908823096
2825452066203804680736343629084427455348182009647126067765166728918378845948044123432320804231871336368360508245126117474045673088474969297407955058307128
446021791139458019896662441857699676993488184652153707460733605012386325001788620033571565468241978825014546119212375338967061023895169036075249478423629
9314810350452155616678381221738731834035961493011734523085546964520258183156777390968331930220136911668746343477363306485552328829505062926628406825218786
208983234197018298080612642101963451086670748173268201084519186436942743425646528459590062330585858539225364392631460760702079510744508735550486396676056
4506270615600451277651666255907663621730397285124221064988041470838222199518391403936481263294841181782539536669516092136430235028331591903205143348639923
1959241012471326423433414985660059440890333168418398708931470809979024123553503879582488691233185059202491870389169673484841309536508441998993538044162080
9246918495200942085351720458481013465554225238594033327616365423876933552448045915387249890633476517023571853424354654156287870061324764669549116312026492
9438762142762580640264207188061722309246185729367487402102482053769430528233101618039385296693019641884012066195605673066595758872029589762933477589399122
6666102019046584480097042159024466602630922069170073988091418478007757476808353434749374827755228828685858526499972548895345543913130298011786061738046409
2003320766958436592506535522973622488677714754028393155314845230812438897560203917524565340143668663061697928463158629151414591273622892766794896121316631
1653299061300359088188639998716322332120244698508637612086086151809131940950130114768836582310990345470441713003873133530874792287843981063814889891515465
2175847772872483445405706401960368434173852071690166222968610640612882174262145894746517548872974209791923871712178270644808640976583476533928945757287914
5155752344399003809258846244964081565592378199546075899537404878637936262609813366354789610982629323341426687993212100374355052542860617071699955858797465
6969920124973858029551404796631305799031818164109813985809965685471209121837666512389937914078339186381251024245470904321640824517924289538590718718275671
9541754405441154644716858529384560654479536884641703915539708147173318245758353414818501577021016868564005511367715936674143601074469696617608736376941545
2998751934182626908889465941975060413652241752241689329919083717482749680540186877648754962755449952179765882600455574258714645144395044235763731131743961
3399631636693052339487886704105791886469879072738649583423477610782415552845969408009539970177572600709125211920795334336084492385417192323359265798865723
5046476519600975493722763117692854973831171267292143454682638456358662715269234985215108437442592182032062953985177745043467581022284858507781198461033223
2842417337400124388302674494212117989678721067912068820940289063285597601434509489966911379381426525522628312145431630144674725744850008071461294761105680
2040022293696801555338063715477546850112458136143809977808464035544128341395265257991621552230309382791698425406454209438786009916338143335474021205302274
5030058167413769390110680608358694049812925900830073169171945956408208937717990925814925196621535683031341423186515950157125389873073670179191062472301721
11259106895227619997554715953506532672981439524975090255345758217612328221345911032738927962410521952018055264124796854505963071763662768613578028860408514
1098877853678198606621229064365652345623191577213485331944510167023495986753723250426964396166508576154290738715857147725241548386993730711679613815445552
4583560420505879625228085941279523741088313845903945805882112046744562952067940853953736878981252354210211631538755003325701157270287180849123213440954579
674591197255904955280956365273113679258657288695990633063030437436328374032684979970915322094239379848796347909239917132485208229415628066945228042836267
7512389884281721707541086137473775109376625655730535801858918159532086791994505354428762969559112548620210367424860747713286510901858253161927298203779171
3800237781802474079254210780594129870214036521832268018967237983336799229543526128241298792977390622941935488134574512501046068916168327937467987000677797
3898918343846323581135149561323498683917289661982708614732690670417366205367615918268595564852453567522092051615652707907994820425726072595107920807489381
3163165941511584910161866972391745344166835323680822538008311027800210083976390444542797482293377322980903896384712057903822846407800507299870303045897273
3162286236607551246936047314745661024175113729946090888526407529111265357276673900453553677010465358579671684832124039518642895737799115009517187457119135
4621035825929833704379098345253565462695512152394781345361616365991861898416412547130241426377917754162113296735294057758751566535795491852496833733660337
5023716019925550572557072073795565947547330175306825765375686523088292478546798592580648521348726137724361118920069824654520951738294781631157663910327688
9778040784029650981328293913882538252558497885309065708428106505214448947571455789167440597338256832998940058167404458250613528832125502850390873419985617
9665600885848205695245477589916206236573821481918526700747689486194458959790917299152397159604815175816115910102392003721745396419122486079539063279021944
10722278784183758823044776996523041207927503612927628431288267604277395075470953260266000157021764891138570068476840219501295301175282442305269810888787029
9402777186654043688723962009526117531577778009921601693864790127166793243710089914721783715689947101212338756099095838314669797481626693312821154250710187
2726343002780076536082477201089899081895954718580379149605277105209046539981920065226345808947703128053974592596306597023519786678573590929206111281891810
3011255993355643965208232995708228512273270714724697982204779633541940412520267635281224684023873650165196145038930297593225642722628532038389748496899084
268332197287633407162137722143695159472775450946694613720398240711967569224220711093599657849503629017984788735840348404257700097438133594968753632629515
2349567154780582013764737865123322515571274948460917694655884497277780509936020899774283772815546314148348110003840813164778742686571445766634353567311103
5103092398355615362318093852108923537672157004660101102469608450162089574126312704396502585486187153593314782884628616447543572547716008141029007502884207
3425083469413577946682460033411935553952752975661025014565559668654391277738952400273532059645436466448320413885576021935455328420432218698710604693866470
7933864630384640171269606913528430021148489225159435069832854893440259052559119474713651944363958092609678990668647258031250665507016472401847365575625455
9689239675570409359050437133565505326089588249077306313504783081633518568719049478945611246563476291493015672806843307293201063282105121530700124490727398
9411578818128071680132310232700858925288033654283548274158709606165208936896392624417242977035614893187166779098368486400655974908171256153518023470303189
964507298230390328213932014241068995487966817920447649564180958543447890774769384366745601851905581084174870867333027199333286192407900914436241227728687
8062067874029365117743072969327543192079723631233081889088125907172161776590644004054123549260208043172050499232549049274011926057316416660118553053355101
4777294291031994303563056031084985251385200468629028412294809906906688534645010699833838166775647692683918272148898200401001348530067758016615066473354534
5810076093099987710940043411935557553296353307952433258026326840565609574438029948335418115594008792065665034174368240059136093722447798752335344073796172
3728982423848741725601715872310598002826807112910120166794575129203461911780935623374410338685226669615149648528943975161041828234303014928870559847779268
3101257055825375941230644944290770070450046541750600395474537038354328761645765560421655682242050697882559237105378796864687152387810820820861738621185661
205962976